choice,max_possible,points,reaction_time,subject,total_points,0,1,2,3
0,73,62,1.3182200379997084,100,62,62,34,58,73
1,149,42,0.05086315799781005,100,104,66,42,55,76
2,227,58,0.36642229499921086,100,162,61,50,58,78
3,301,74,0.24565838700073073,100,236,59,41,60,74
3,376,75,0.18418416199710919,100,311,61,40,57,75
3,452,76,0.16737021900189575,100,387,58,37,63,76
3,533,81,0.9068006580018846,100,468,57,33,59,81
3,607,74,0.20804940500238445,100,542,54,40,56,74
3,695,88,0.051995065001392504,100,630,59,31,55,88
3,772,77,0.0666860759993142,100,707,52,35,54,77
3,846,74,0.4798890960009885,100,781,56,29,60,74
0,918,50,0.012805541999114212,100,831,50,29,67,72
3,995,77,0.44473395900058676,100,908,43,29,64,77
3,1073,78,0.09410506399945007,100,986,48,38,65,78
3,1154,81,0.8454889380009263,100,1067,43,40,73,81
3,1227,69,0.057041658998059575,100,1136,40,42,73,69
3,1301,69,1.3107917109991831,100,1205,43,41,74,69
3,1375,74,0.2037859509982809,100,1279,41,40,70,74
3,1453,77,0.222644074998243,100,1356,50,49,78,77
3,1526,73,0.41639317399676656,100,1429,50,43,72,73
3,1608,73,0.24228874699838343,100,1502,50,46,82,73
3,1684,76,0.5470581129993661,100,1578,51,41,76,76
3,1759,75,0.1407315060023393,100,1653,54,39,71,75
3,1837,78,0.05765054600124131,100,1731,51,40,78,78
3,1915,78,0.007513534001191147,100,1809,58,39,67,78
3,1985,69,0.1004256849992089,100,1878,51,39,70,69
2,2062,77,0.20097311700010323,100,1955,47,39,77,74
2,2143,68,0.08290944599866634,100,2023,48,41,68,81
1,2226,37,0.11158920699745067,100,2060,46,37,77,83
2,2308,57,0.08344912399843452,100,2117,44,37,57,82
3,2398,90,0.2738122860027943,100,2207,52,33,64,90
3,2484,86,0.24942625800031237,100,2293,54,36,61,86
3,2579,95,0.03186623300280189,100,2388,55,38,67,95
3,2670,91,0.23305709100168315,100,2479,49,33,74,91
3,2767,97,0.8362167109989969,100,2576,56,30,66,97
3,2857,90,0.2853543860001082,100,2666,58,32,76,90
3,2938,81,0.31063504600024316,100,2747,62,37,72,81
3,3025,87,0.17210850400078925,100,2834,51,45,69,87
3,3113,88,0.1947085310021066,100,2922,51,46,68,88
3,3207,94,0.1681604570003401,100,3016,55,45,67,94
3,3303,96,0.1639131299998553,100,3112,58,35,79,96
3,3387,84,0.38818816099956166,100,3196,56,36,81,84
3,3477,90,0.2340775439988647,100,3286,63,44,72,90
3,3567,90,0.3903035839975928,100,3376,61,47,61,90
3,3656,89,0.3664077880021068,100,3465,55,43,76,89
3,3746,90,0.40029264300028444,100,3555,60,47,74,90
3,3839,93,0.1616736600008153,100,3648,64,44,72,93
3,3932,93,0.44950251200134517,100,3741,70,45,74,93
3,4020,88,0.4276725100025942,100,3829,69,42,77,88
3,4113,93,0.17462036299912143,100,3922,66,42,72,93
3,4205,92,0.2091006219998235,100,4014,78,53,74,92
3,4294,89,0.6158916669992323,100,4103,74,53,72,89
3,4385,91,0.4413200170019991,100,4194,76,47,82,91
3,4474,89,0.17500484099946334,100,4283,77,57,75,89
3,4566,92,1.7287765229993965,100,4375,72,66,73,92
3,4647,81,0.3012021230024402,100,4456,73,58,79,81
3,4731,84,1.2249360419991717,100,4540,76,53,71,84
3,4815,84,0.2197892550029792,100,4624,78,58,75,84
3,4902,87,0.9322040799997922,100,4711,78,65,76,87
3,4993,91,0.11771914500059211,100,4802,77,62,73,91
3,5085,92,0.9629224090022035,100,4894,81,62,72,92
3,5175,81,0.16668963999836706,100,4975,90,54,66,81
3,5265,90,1.4511286660017504,100,5065,82,58,66,90
3,5349,84,1.4836216590010736,100,5149,78,64,69,84
3,5429,78,0.2846441310030059,100,5227,73,51,80,78
3,5512,83,2.2981403040030273,100,5310,75,46,64,83
3,5595,83,2.5051657280018844,100,5393,73,54,69,83
3,5682,87,0.21304977599720587,100,5480,66,44,68,87
3,5762,80,0.3430854639991594,100,5560,63,42,65,80
3,5843,81,0.14886234200093895,100,5641,67,40,68,81
0,5917,56,0.36937324500104296,100,5697,56,31,69,74
1,5990,29,0.12162671300029615,100,5726,60,29,68,73
2,6064,64,0.20809421800004202,100,5790,60,40,64,74
3,6139,75,0.10773554100160254,100,5865,56,40,67,75
3,6213,74,0.6317713319986069,100,5939,63,41,62,74
3,6280,66,0.3020717520012113,100,6005,60,43,67,66
3,6349,69,0.3065040379988204,100,6074,59,43,61,69
3,6422,73,2.4100522510016162,100,6147,60,50,60,73
3,6495,73,2.4475864699998056,100,6220,65,47,66,73
3,6565,70,2.215832216999843,100,6290,63,44,62,70
3,6629,60,0.20641081600115285,100,6350,61,39,64,60
3,6697,64,0.10148169999956735,100,6414,68,39,57,64
3,6765,68,0.6813291250000475,100,6482,66,39,61,68
0,6832,59,0.23492088000057265,100,6541,59,34,67,60
0,6896,64,0.4439907600026345,100,6605,64,22,64,58
0,6964,55,0.08605812300083926,100,6660,55,24,68,56
0,7032,61,0.2482788730012544,100,6721,61,35,68,49
1,7101,36,0.041752435001399135,100,6757,56,36,69,44
1,7179,32,0.773751603999699,100,6789,56,32,78,43
2,7253,74,1.9409980490017915,100,6863,53,27,74,42
2,7321,68,0.21278919800170115,100,6931,50,20,68,47
2,7391,70,1.1067045190029603,100,7001,49,18,70,43
2,7462,71,0.40495714099961333,100,7072,46,22,71,42
2,7533,71,0.3993158470002527,100,7143,55,18,71,53
2,7599,66,0.5996507660020143,100,7209,44,17,66,45
3,7672,51,1.5538725430014892,100,7260,44,20,73,51
2,7742,70,0.07522512699870276,100,7330,40,25,70,40
2,7814,72,0.21045946600133902,100,7402,53,17,72,37
2,7889,75,0.057779120001214324,100,7477,34,20,75,48
2,7961,72,2.0108336660014174,100,7549,34,23,72,48
2,8039,78,3.780537260001438,100,7627,39,20,78,50
2,8110,71,0.2663080180027464,100,7698,41,19,71,41
2,8195,85,0.20307214399872464,100,7783,45,20,85,51
2,8276,81,3.6047035029987455,100,7864,40,16,81,48
2,8352,76,0.012732990999211324,100,7940,35,20,76,51
2,8440,88,0.27832900100111146,100,8028,41,24,88,51
2,8516,76,0.021696832998713944,100,8104,38,27,76,51
2,8592,76,0.08175003400174319,100,8180,40,18,76,48
2,8664,72,0.49682409800152527,100,8252,38,26,72,50
2,8732,68,3.8172661420030636,100,8320,37,27,68,50
2,8794,62,0.42570956599956844,100,8382,42,30,62,49
2,8861,67,0.31586839699957636,100,8449,36,36,67,44
2,8933,72,0.12761315100215143,100,8521,43,39,72,50
2,9002,69,0.04483729500134359,100,8590,40,41,69,56
2,9067,65,0.11283746899789548,100,8655,40,33,65,50
2,9126,59,1.0921631099990918,100,8714,38,37,59,44
3,9185,40,0.01772770100069465,100,8754,38,38,59,40
1,9242,38,0.050989810999453766,100,8792,39,38,57,39
0,9300,38,0.7368630290002329,100,8830,38,38,58,37
1,9346,36,0.13199129100030405,100,8866,40,36,46,39
2,9395,49,0.08441841500098235,100,8915,49,39,49,42
3,9453,49,0.14282611299859127,100,8964,37,44,58,49
3,9505,50,1.1342957060005574,100,9014,38,45,52,50
3,9560,47,0.03939883199927863,100,9061,34,51,55,47
2,9622,62,0.03514212600202882,100,9123,32,48,62,47
2,9685,63,0.10517011199772242,100,9186,39,48,63,48
2,9744,57,1.2193739699978323,100,9243,42,59,57,39
1,9802,51,0.12869715700071538,100,9294,36,51,58,41
0,9859,48,0.02969975800078828,100,9342,48,57,55,49
0,9914,47,0.48242245399887906,100,9389,47,55,53,41
1,9972,52,2.013452626997605,100,9441,49,52,58,48
3,10035,43,1.4137326039999607,100,9484,57,50,63,43
2,10094,53,0.014866818000882631,100,9537,59,56,53,46
1,10149,54,0.09929938200002653,100,9591,55,54,49,39
2,10210,56,0.08043967599951429,100,9647,61,53,56,51
2,10267,48,0.013312691000464838,100,9695,56,57,48,47
1,10327,59,0.007433267001033528,100,9754,60,59,43,46
1,10392,54,0.038643454001430655,100,9808,65,54,39,40
0,10451,57,0.0851630680008384,100,9865,57,59,42,53
1,10516,54,0.6627453530018101,100,9919,65,54,47,44
3,10578,54,0.44742329500149935,100,9973,62,52,42,54
2,10636,34,0.15089365799940424,100,10007,58,45,34,54
0,10698,62,0.1159896610006399,100,10069,62,40,45,54
0,10759,59,0.08970296799816424,100,10128,59,47,41,61
0,10825,66,0.5572829609991459,100,10194,66,48,42,59
0,10893,68,0.034342779999860795,100,10262,68,51,44,57
0,10964,71,1.8621533250006905,100,10333,71,49,32,53
0,11031,67,2.523829919999116,100,10400,67,47,35,65
0,11094,63,0.2916233230025682,100,10463,63,53,31,60
0,11163,69,0.9595500549985445,100,10532,69,45,34,61
0,11228,65,0.2784981769982551,100,10597,65,47,35,52
0,11293,65,0.6845464369980618,100,10662,65,48,41,49
0,11353,60,0.018861458000174025,100,10722,60,53,35,57
1,11409,44,0.26780576199962525,100,10766,56,44,36,54
2,11473,34,0.006182783999975072,100,10800,64,54,34,41
3,11543,57,0.7944605000011506,100,10857,70,39,29,57
0,11603,60,1.7940023629998905,100,10917,60,46,26,44
0,11665,62,0.6495966510010476,100,10979,62,40,37,46
0,11729,64,0.5781882369992672,100,11043,64,40,34,46
0,11795,66,2.3475398880000284,100,11109,66,42,20,48
0,11858,63,3.2754331350006396,100,11172,63,51,20,45
0,11918,60,0.3079457139974693,100,11232,60,36,30,42
0,11974,56,2.3095310299977427,100,11288,56,41,34,47
0,12024,50,0.4274128249999194,100,11338,50,37,28,43
1,12075,28,0.03204196300066542,100,11366,51,28,32,44
2,12121,28,0.4243665089998103,100,11394,46,37,28,41
3,12174,42,0.08140295100020012,100,11436,53,36,26,42
0,12229,55,0.43906626799798687,100,11491,55,35,19,34
0,12293,64,1.1186757639989082,100,11555,64,31,25,37
0,12362,69,2.114987065000605,100,11624,69,32,27,35
0,12428,66,0.11390038799800095,100,11690,66,40,29,30
0,12493,65,0.05115484300040407,100,11755,65,42,19,37
0,12550,57,1.9457359820007696,100,11812,57,40,23,36
3,12594,43,0.032515754999622004,100,11855,42,44,21,43
2,12657,33,0.0256234679982299,100,11888,63,53,33,46
1,12705,48,0.779649325999344,100,11936,47,48,29,44
0,12759,54,1.4283597780013224,100,11990,54,46,34,40
0,12812,47,0.886381492997316,100,12037,47,53,41,35
0,12869,57,0.26493346099960036,100,12094,57,43,39,36
0,12918,49,0.27835238099942217,100,12143,49,46,35,46
0,12970,52,0.17882344299869146,100,12195,52,49,29,37
0,13024,54,0.2019743299970287,100,12249,54,37,34,35
0,13069,44,0.20421023200105992,100,12293,44,45,37,31
1,13114,42,0.0638133860011294,100,12335,45,42,38,33
2,13162,38,0.41840000999945914,100,12373,48,40,38,28
3,13209,26,0.27037770799870486,100,12399,47,38,39,26
0,13254,37,0.09473417700064601,100,12436,37,39,45,30
1,13309,38,0.14666312400004244,100,12474,55,38,39,38
1,13361,43,0.6988975269996445,100,12517,52,43,36,30
1,13412,38,2.1773261230009666,100,12555,51,38,45,30
2,13459,47,0.2300589830010722,100,12602,44,38,47,31
2,13505,35,0.034312334999413,100,12637,41,46,35,30
3,13554,31,0.3366699159996642,100,12668,45,49,45,31
3,13597,33,0.29316497100080596,100,12701,43,42,43,33
3,13640,42,0.28958165899894084,100,12743,40,43,43,42
3,13697,42,1.167305719001888,100,12785,43,57,51,42
3,13752,35,1.9128378460009117,100,12820,44,48,55,35
0,13807,42,0.3501264460028324,100,12862,42,45,55,28
0,13867,43,0.03182051299882005,100,12905,43,47,60,30
0,13921,39,1.6156446139975742,100,12944,39,46,54,33
