choice,max_possible,points,reaction_time,subject,total_points,0,1,2,3
0,66,55,0.5868319156579673,111,55,55,44,45,66
1,136,51,0.11546249873936176,111,106,59,51,48,70
2,201,50,0.1698788469657302,111,156,51,46,50,65
3,265,64,0.07258222438395023,111,220,52,43,48,64
3,338,73,0.11236039875075221,111,293,57,53,42,73
3,418,80,0.11564170010387897,111,373,48,63,54,80
3,491,73,0.10112448735162616,111,446,54,58,49,73
0,557,50,0.04107674304395914,111,496,50,61,50,66
3,623,66,0.01734411111101508,111,562,45,62,47,66
3,694,71,0.042786833830177784,111,633,53,62,43,71
3,768,74,0.05078624468296766,111,707,53,57,50,74
3,844,76,0.05982630280777812,111,783,53,63,40,76
3,935,91,0.07114221528172493,111,874,52,52,48,91
3,1016,81,0.05393378483131528,111,955,44,56,45,81
3,1098,82,0.09366203937679529,111,1037,46,61,48,82
3,1178,80,0.1600938243791461,111,1117,52,68,51,80
3,1260,82,0.10868613561615348,111,1199,52,56,46,82
3,1347,87,0.32850770233199,111,1286,48,50,46,87
3,1426,79,0.04145306535065174,111,1365,39,53,50,79
3,1513,87,0.020466051064431667,111,1452,54,51,58,87
3,1605,92,0.39825726859271526,111,1544,46,53,43,92
3,1679,74,0.08753080014139414,111,1618,46,64,48,74
3,1759,80,0.09435004368424416,111,1698,40,59,41,80
3,1844,85,0.03991129528731108,111,1783,47,51,49,85
3,1934,90,0.38192244432866573,111,1873,42,50,56,90
3,2022,88,0.12735953507944942,111,1961,31,48,51,88
3,2108,86,0.0921695502474904,111,2047,36,47,41,86
3,2191,83,0.03284373041242361,111,2130,47,53,50,83
3,2279,88,0.010233025532215834,111,2218,44,62,52,88
3,2359,80,0.012290638405829668,111,2298,52,55,59,80
3,2444,85,0.030078912619501352,111,2383,42,48,53,85
3,2529,85,0.08610935090109706,111,2468,43,48,59,85
3,2611,82,0.02850770251825452,111,2550,35,47,46,82
3,2692,81,0.024364956188946962,111,2631,38,51,51,81
3,2768,76,0.44887775275856256,111,2707,38,43,50,76
3,2849,81,0.09000505600124598,111,2788,39,51,50,81
3,2930,81,0.3318158835172653,111,2869,40,55,62,81
2,3014,65,0.18035763455554843,111,2934,42,44,65,84
3,3087,73,0.047342382837086916,111,3007,40,61,52,73
3,3160,73,0.17314414819702506,111,3080,43,60,54,73
1,3241,64,0.05838693352416158,111,3144,45,64,58,81
3,3311,70,0.06819563684985042,111,3214,44,65,54,70
3,3382,71,0.04166810633614659,111,3285,42,55,67,71
3,3445,63,0.1602947860956192,111,3348,39,61,57,63
1,3510,57,0.10400642547756433,111,3405,40,57,65,62
3,3583,73,0.17857138300314546,111,3478,40,58,54,73
3,3650,67,0.2208308530971408,111,3545,41,67,55,67
3,3716,66,0.12314254837110639,111,3611,39,61,53,66
3,3794,78,0.09455868508666754,111,3689,40,62,51,78
3,3862,66,0.15655844192951918,111,3755,42,68,52,66
0,3929,42,0.059679101686924696,111,3797,42,62,45,67
3,3997,60,0.40011392068117857,111,3857,44,68,51,60
3,4060,53,0.34077530121430755,111,3910,40,63,61,53
3,4128,55,0.1472956626676023,111,3965,47,68,46,55
2,4184,51,0.3185652387328446,111,4016,52,55,51,56
2,4242,57,0.4087219759821892,111,4073,41,58,57,57
2,4300,57,0.12716369377449155,111,4130,38,56,57,58
3,4357,57,0.08923833118751645,111,4187,43,54,52,57
3,4410,53,0.09832510957494378,111,4240,46,52,50,53
3,4466,56,0.16519593726843596,111,4296,48,52,47,56
3,4517,47,0.1230945480056107,111,4343,47,51,47,47
2,4568,51,0.1760222464799881,111,4394,50,51,51,46
0,4620,42,0.37098989449441433,111,4436,42,52,44,52
1,4683,52,0.18951929314062,111,4488,40,52,53,63
2,4734,42,0.16439337190240622,111,4530,36,46,42,51
1,4792,50,0.09886527294293046,111,4580,40,50,48,58
3,4845,52,0.08241844736039639,111,4632,39,49,53,52
1,4891,39,0.1044237082824111,111,4671,40,39,46,37
3,4943,46,0.12640784913673997,111,4717,37,37,52,46
3,4991,38,0.08034931449219584,111,4755,48,45,46,38
0,5038,43,0.19244475150480866,111,4798,43,45,47,44
1,5088,50,0.16207975754514337,111,4848,43,50,42,50
1,5140,50,0.08349749399349093,111,4898,52,50,49,43
1,5189,49,0.15583267761394382,111,4947,39,49,49,43
2,5237,38,0.1613296722061932,111,4985,38,48,38,47
0,5283,41,0.039672574028372765,111,5026,41,46,42,38
1,5337,54,0.11179463565349579,111,5080,43,54,38,42
1,5389,52,0.1212046155706048,111,5132,33,52,37,36
1,5445,56,0.1090490180067718,111,5188,36,56,46,32
1,5501,56,0.1213319762609899,111,5244,38,56,45,31
1,5555,54,0.026504490058869123,111,5298,39,54,40,45
1,5609,54,0.9386927275918424,111,5352,35,54,26,45
1,5665,56,0.13805656367912889,111,5408,32,56,40,44
1,5724,59,0.027129773516207933,111,5467,39,59,26,41
1,5786,62,0.007429167628288269,111,5529,51,62,31,33
1,5840,54,0.37898290576413274,111,5583,38,54,26,34
1,5900,60,0.09118138393387198,111,5643,38,60,26,39
1,5962,62,0.0480054272338748,111,5705,25,62,26,42
0,6017,38,0.12109645502641797,111,5743,38,55,30,42
2,6071,30,0.08446454023942351,111,5773,42,54,30,47
0,6136,40,0.04722462221980095,111,5813,40,65,32,52
1,6202,66,0.10260673658922315,111,5879,41,66,31,62
3,6274,55,0.06099943025037646,111,5934,41,72,19,55
1,6351,77,0.0391772105358541,111,6011,46,77,28,54
1,6423,72,0.10888517694547772,111,6083,47,72,25,44
1,6495,72,0.07319854851812124,111,6155,51,72,33,48
1,6570,75,0.036377832759171724,111,6230,43,75,34,50
1,6637,67,0.0476463851518929,111,6297,36,67,42,58
1,6710,73,0.020777732599526644,111,6370,41,73,46,57
3,6778,54,0.45844325376674533,111,6424,47,68,42,54
1,6843,65,0.03391893720254302,111,6489,52,65,45,58
1,6910,67,0.16526569798588753,111,6556,42,67,45,55
1,6976,66,0.43911769054830074,111,6622,46,66,46,64
1,7043,67,0.2191834831610322,111,6689,55,67,48,51
1,7108,65,0.007105325348675251,111,6754,51,65,51,58
1,7172,64,0.022940947208553553,111,6818,47,64,43,58
1,7240,68,0.10490755131468177,111,6886,42,68,43,61
1,7310,70,0.0433365972712636,111,6956,48,70,46,68
1,7384,74,0.04968287795782089,111,7030,47,74,44,60
1,7452,68,0.09101562295109034,111,7098,55,68,57,61
1,7520,64,0.027476015966385603,111,7162,54,64,52,68
1,7590,70,0.03207444539293647,111,7232,42,70,42,59
1,7659,69,0.013794648461043835,111,7301,36,69,41,62
1,7728,63,0.04634973639622331,111,7364,39,63,47,69
0,7797,44,0.041531145572662354,111,7408,44,69,61,62
1,7860,63,0.46320296451449394,111,7471,52,63,49,62
2,7921,56,0.2152602574788034,111,7527,39,61,56,60
1,7985,64,0.07493039919063449,111,7591,47,64,60,53
1,8048,63,0.06492713559418917,111,7654,50,63,54,43
2,8103,49,0.0706129320897162,111,7703,52,55,49,41
1,8163,60,0.04838110925629735,111,7763,54,60,54,51
1,8231,68,0.08622711198404431,111,7831,49,68,61,54
1,8301,70,0.03817880433052778,111,7901,45,70,42,53
1,8371,70,0.41733963089063764,111,7971,52,70,54,45
1,8434,63,0.3648644154891372,111,8034,51,63,61,49
1,8502,68,0.10939334006980062,111,8102,46,68,51,47
1,8566,64,0.0880639236420393,111,8166,44,64,60,51
1,8642,76,0.03744023945182562,111,8242,58,76,76,52
1,8710,68,0.3501916811801493,111,8310,57,68,68,60
1,8783,73,0.18265972891822457,111,8383,57,73,60,54
1,8845,62,0.06802987540140748,111,8445,55,62,57,58
1,8913,68,0.06352360686287284,111,8513,46,68,62,60
3,8984,68,0.04848479013890028,111,8581,46,71,63,68
3,9050,65,0.08268468920141459,111,8646,41,61,66,65
3,9115,65,0.12514896085485816,111,8711,49,58,49,65
3,9181,66,0.1546953902579844,111,8777,50,54,58,66
1,9245,62,0.035458147060126066,111,8839,39,62,59,64
1,9311,66,0.0686519593000412,111,8905,42,66,60,57
3,9374,56,0.07238766318187118,111,8961,41,63,57,56
1,9433,59,0.3175949929282069,111,9020,42,59,59,59
1,9496,63,0.06296168267726898,111,9083,51,63,61,52
3,9562,66,0.09381756046786904,111,9149,54,61,55,66
3,9626,60,0.08216244587674737,111,9209,48,63,64,60
3,9691,45,0.038198004476726055,111,9254,44,65,51,45
1,9766,75,0.08801144314929843,111,9329,49,75,62,47
1,9840,74,0.04287963453680277,111,9403,47,74,58,47
1,9904,64,0.009659581817686558,111,9467,45,64,52,47
1,9979,75,0.08166516246274114,111,9542,50,75,53,50
1,10059,80,0.0677489135414362,111,9622,56,80,50,43
1,10132,73,0.03381333639845252,111,9695,53,73,54,42
1,10199,67,0.38930873153731227,111,9762,57,67,57,44
1,10276,77,0.4846303015947342,111,9839,67,77,43,48
1,10349,73,0.005058592185378075,111,9912,64,73,45,40
1,10425,76,0.12813522014766932,111,9988,62,76,46,37
1,10499,74,0.02362191118299961,111,10062,62,74,43,54
1,10574,75,0.0845701415091753,111,10137,55,75,46,46
1,10657,83,0.07353007094934583,111,10220,53,83,40,45
1,10731,74,0.7043430679477751,111,10294,56,74,34,45
1,10819,88,0.01799627486616373,111,10382,60,88,42,43
1,10897,78,0.01311432383954525,111,10460,55,78,57,45
1,10982,85,0.40336194168776274,111,10545,50,85,41,48
1,11069,87,0.164293531794101,111,10632,56,87,46,49
1,11162,93,0.10734468698501587,111,10725,57,93,49,38
1,11241,79,0.059917183592915535,111,10804,53,79,47,48
1,11316,75,0.07892658514901996,111,10879,49,75,43,46
1,11399,83,0.39095482183620334,111,10962,46,83,36,43
1,11474,75,0.06730667082592845,111,11037,46,75,39,51
1,11550,76,0.0654896991327405,111,11113,46,76,41,47
1,11626,76,0.031119558960199356,111,11189,48,76,48,53
1,11706,80,0.03298325091600418,111,11269,47,80,50,50
1,11790,84,0.37061357218772173,111,11353,41,84,41,56
1,11864,74,0.36841323785483837,111,11427,40,74,47,48
1,11943,79,0.4755736035294831,111,11506,37,79,46,54
1,12029,86,0.19773758528754115,111,11592,34,86,44,59
1,12109,80,0.08200692478567362,111,11672,35,80,50,41
1,12203,94,0.03937305184081197,111,11766,40,94,54,46
1,12282,79,0.41298888297751546,111,11845,37,79,59,53
1,12360,78,0.12603792687878013,111,11923,38,78,57,54
1,12448,88,0.22650192957371473,111,12011,25,88,59,56
1,12532,84,0.06962412595748901,111,12095,30,84,56,39
1,12610,78,0.04185114800930023,111,12173,30,78,49,50
1,12685,75,0.029299387242645025,111,12248,27,75,52,55
1,12763,78,0.04822238860651851,111,12326,30,78,59,47
1,12846,83,0.03196372464299202,111,12409,35,83,57,51
1,12917,71,0.10751876793801785,111,12480,30,71,63,50
1,12991,74,0.036825195886194706,111,12554,35,74,56,49
1,13060,69,0.026932012755423784,111,12623,28,69,63,51
1,13125,65,0.11887756083160639,111,12688,33,65,60,50
3,13188,48,0.050669764168560505,111,12736,31,63,59,48
1,13254,66,0.08506422443315387,111,12802,40,66,54,44
1,13322,68,0.08002419210970402,111,12870,27,68,61,53
2,13381,40,0.0804600352421403,111,12910,26,59,40,42
1,13447,66,1.0829195706173778,111,12976,18,66,43,55
1,13512,65,0.034687581937760115,111,13041,37,65,35,51
1,13578,66,0.48214004607871175,111,13107,30,66,44,60
0,13643,29,0.28788728220388293,111,13136,29,65,47,55
1,13701,58,0.641222023870796,111,13194,35,58,48,58
2,13759,48,0.026349608320742846,111,13242,37,58,48,54
1,13820,61,0.009581501130014658,111,13303,26,61,49,53
1,13882,62,0.8880850439891219,111,13365,30,62,49,52
