choice,max_possible,points,reaction_time,subject,total_points,0,1,2,3
0,73,39,0.7399896442657337,116,39,39,49,73,52
1,143,45,0.19142067339271307,116,84,39,45,70,41
2,217,74,0.2554462442640215,116,158,46,50,74,48
3,290,53,0.3334444867214188,116,211,58,66,73,53
2,370,80,0.22837455291301012,116,291,42,63,80,50
2,451,81,0.2632707098964602,116,372,46,42,81,43
2,533,82,0.27734898787457496,116,454,42,48,82,48
2,618,85,0.27422560181003064,116,539,38,54,85,52
2,694,76,0.26017612568102777,116,615,45,53,76,39
2,764,70,0.27893180202227086,116,685,40,53,70,48
2,843,79,0.2687321549747139,116,764,50,45,79,45
2,916,73,0.28730670048389584,116,837,41,48,73,49
2,996,80,0.288391565089114,116,917,41,50,80,43
2,1071,75,0.2587347598746419,116,992,42,53,75,51
2,1146,75,0.2992517314851284,116,1067,45,47,75,50
2,1223,77,0.20598153991159052,116,1144,38,49,77,41
2,1299,76,0.28512289049103856,116,1220,40,45,76,45
2,1375,76,0.11241885111667216,116,1296,45,54,76,55
3,1450,43,0.21730765420943499,116,1339,53,47,75,43
2,1525,75,0.07765902217943221,116,1414,56,54,75,34
2,1595,70,0.22293742920737714,116,1484,46,58,70,40
1,1665,64,0.2984478436410427,116,1548,56,64,70,36
0,1731,50,0.2518018672708422,116,1598,50,55,66,33
2,1804,73,0.4064497919753194,116,1671,57,55,73,32
2,1875,71,0.221349494648166,116,1742,50,50,71,34
2,1948,73,0.20871770288795233,116,1815,53,58,73,29
2,2013,65,0.15680037275888026,116,1880,62,57,65,34
2,2089,76,0.19770008709747344,116,1956,56,61,76,35
2,2168,79,0.13690734875854105,116,2035,57,57,79,32
2,2231,62,0.10131483024451882,116,2097,63,57,62,32
2,2301,70,0.17307142121717334,116,2167,55,57,70,34
2,2363,62,0.19412227417342365,116,2229,55,49,62,44
2,2430,67,0.06135469186119735,116,2296,63,66,67,35
2,2497,67,0.2265075616305694,116,2363,56,47,67,36
2,2560,63,0.4157361045945436,116,2426,52,59,63,41
2,2626,66,0.24550773261580616,116,2492,52,57,66,36
1,2694,59,0.2346610069507733,116,2551,39,59,68,34
0,2768,49,0.26846013870090246,116,2600,49,59,74,25
2,2837,69,0.02556888188701123,116,2669,45,60,69,37
2,2903,63,0.2464818706503138,116,2732,40,66,63,39
2,2970,67,0.32524303847458214,116,2799,36,55,67,38
2,3038,68,0.26696885004639626,116,2867,41,57,68,42
2,3102,64,0.2546487567014992,116,2931,40,62,64,48
2,3168,66,0.28460829984396696,116,2997,50,56,66,46
2,3234,63,0.2571545058162883,116,3060,45,66,63,44
2,3298,64,0.24908746569417417,116,3124,45,57,64,45
3,3367,36,0.25302177981939167,116,3160,45,66,69,36
2,3426,59,0.22660036734305322,116,3219,40,50,59,39
1,3483,57,0.1522362611722201,116,3276,55,57,51,42
0,3542,45,0.12160659802611917,116,3321,45,59,54,44
1,3611,56,0.4391967010451481,116,3377,61,56,69,35
1,3665,49,0.24836678279098123,116,3426,48,49,54,34
2,3716,50,0.2364959962433204,116,3476,49,51,50,35
2,3772,56,0.14471645350567997,116,3532,46,46,56,37
2,3835,63,0.22519100329373032,116,3595,35,63,63,33
2,3898,63,0.2798086542170495,116,3658,40,54,63,42
2,3959,61,0.19138675136491656,116,3719,45,52,61,31
2,4017,58,0.19905760791152716,116,3777,36,55,58,49
2,4074,56,0.06412541668396443,116,3833,42,57,56,45
2,4136,62,0.7307826962787658,116,3895,40,60,62,49
2,4198,62,0.05573195719625801,116,3957,41,62,62,45
2,4256,49,0.0650182698154822,116,4006,39,58,49,45
2,4316,47,0.06811413413379341,116,4053,31,60,47,43
2,4370,47,0.10701180924661458,116,4100,45,54,47,42
0,4427,43,0.12650480959564447,116,4143,43,57,57,47
1,4491,64,0.013550886535085738,116,4207,50,64,55,39
1,4554,63,0.013069577980786562,116,4270,54,63,53,34
1,4617,63,0.13584488548804075,116,4333,46,63,51,38
1,4681,56,0.18723610427696258,116,4389,44,56,64,29
1,4739,58,0.2296655096579343,116,4447,39,58,56,38
1,4804,65,0.15047359617892653,116,4512,39,65,55,29
1,4869,62,0.08878928469493985,116,4574,25,62,65,34
1,4930,61,0.29865073575638235,116,4635,33,61,56,28
1,5000,60,0.2251161189051345,116,4695,31,60,70,32
1,5063,63,0.2310479918960482,116,4758,32,63,58,24
1,5123,56,0.2710791745921597,116,4814,33,56,60,26
1,5188,65,0.31951597752049565,116,4879,34,65,55,26
1,5250,62,0.31010229722596705,116,4941,31,62,48,27
1,5312,62,0.31961646350100636,116,5003,33,62,58,23
1,5376,64,0.031212737783789635,116,5067,36,64,61,24
1,5432,56,0.37453877250663936,116,5123,45,56,56,26
1,5496,64,0.23158690403215587,116,5187,47,64,57,29
1,5554,53,0.28766832198016346,116,5240,46,53,58,22
1,5613,58,0.2721179564250633,116,5298,45,58,59,19
1,5675,62,0.09377582161687315,116,5360,49,62,60,32
1,5745,55,0.6788314441218972,116,5415,50,55,70,27
1,5817,72,0.09367853577714413,116,5487,50,72,66,28
1,5886,69,0.279492475441657,116,5556,41,69,64,31
1,5950,54,0.31274053431116045,116,5610,56,54,64,35
2,6017,67,0.18815583910327405,116,5677,40,64,67,38
1,6084,58,0.1386988153681159,116,5735,41,58,67,41
2,6151,67,0.2387214086484164,116,5802,41,62,67,37
2,6221,70,0.030780071974731982,116,5872,40,57,70,54
2,6284,63,0.1762146482942626,116,5935,44,55,63,49
2,6343,59,0.2604455817490816,116,5994,38,59,59,58
2,6406,62,0.20041640871204436,116,6056,44,63,62,57
3,6473,53,0.45778852759394795,116,6109,43,67,63,53
2,6541,65,0.4618623700225726,116,6174,39,68,65,57
2,6601,59,0.23594236327335238,116,6233,41,60,59,54
2,6669,68,0.02671775023918599,116,6301,36,53,68,48
2,6735,65,0.1166501430561766,116,6366,33,66,65,60
2,6795,60,0.029738090001046658,116,6426,47,58,60,50
2,6858,63,0.5085569892544299,116,6489,41,59,63,43
2,6919,61,0.4792426045751199,116,6550,39,59,61,49
2,6975,56,0.27277015522122383,116,6606,36,50,56,39
2,7033,58,0.03687323466874659,116,6664,34,50,58,41
1,7097,45,0.8673021818976849,116,6709,39,45,64,41
3,7155,45,0.8614112711511552,116,6754,35,47,58,45
2,7213,58,0.36537982744630426,116,6812,31,52,58,35
0,7271,36,1.603981549036689,116,6848,36,58,57,41
1,7325,53,0.18925414443947375,116,6901,28,53,54,31
2,7391,51,0.5320207858458161,116,6952,32,66,51,31
1,7454,63,0.2839029779424891,116,7015,35,63,53,31
1,7524,65,0.4839878468774259,116,7080,38,65,70,37
1,7581,50,0.24499250191729516,116,7130,41,50,57,41
1,7636,48,0.24112475174479187,116,7178,39,48,55,52
2,7694,55,0.2657399767776951,116,7233,43,58,55,40
2,7743,49,0.3275151737034321,116,7282,43,48,49,46
3,7795,47,0.3412254296708852,116,7329,41,48,52,47
3,7847,51,0.31287814246024936,116,7380,41,52,50,51
3,7900,49,0.32186427735723555,116,7429,48,45,53,49
3,7952,42,0.21252528950572014,116,7471,38,31,52,42
3,7999,46,0.2594759239582345,116,7517,41,43,47,46
2,8054,54,0.25117783003952354,116,7571,42,45,54,55
2,8105,51,0.20518149249255657,116,7622,39,39,51,41
2,8157,52,0.2059348173206672,116,7674,44,38,52,52
2,8206,46,0.19400066684465855,116,7720,42,42,46,49
2,8253,45,0.07850131241139024,116,7765,37,39,45,47
2,8310,42,0.3809596346691251,116,7807,37,42,42,57
2,8360,48,0.46068533998914063,116,7855,32,50,48,50
2,8405,39,0.5648073772899806,116,7894,36,45,39,44
2,8456,40,1.8794200230622664,116,7934,38,40,40,51
2,8505,41,0.4285631080856547,116,7975,29,48,41,49
1,8561,56,1.1717324615456164,116,8031,33,56,44,45
1,8610,46,0.5272697830805555,116,8077,36,46,41,49
0,8662,31,0.055151442531496286,116,8108,31,52,50,46
3,8716,48,0.054691895260475576,116,8156,33,54,41,48
2,8768,52,0.15637602750211954,116,8208,32,48,52,35
1,8825,57,0.12224599614273757,116,8265,36,57,52,38
1,8887,51,0.26172245771158487,116,8316,37,51,62,45
1,8944,57,0.2909401968354359,116,8373,37,57,46,40
1,8996,52,0.014598628971725702,116,8425,26,52,49,48
1,9056,60,0.18323458603117615,116,8485,30,60,52,38
1,9107,44,0.7830322061199695,116,8529,31,44,51,39
1,9155,48,0.2856470816768706,116,8577,37,48,45,41
2,9212,57,0.15408469107933342,116,8634,41,56,57,39
2,9279,41,0.07913367007859051,116,8675,36,67,41,44
2,9338,42,0.10321446333546191,116,8717,44,59,42,36
3,9389,46,0.5634120942559093,116,8763,42,51,42,46
1,9449,60,0.24953421216923743,116,8823,36,60,38,32
0,9506,31,0.28089863900095224,116,8854,31,57,41,27
1,9562,56,0.34610572014935315,116,8910,41,56,45,33
1,9626,64,0.29971511906478554,116,8974,24,64,43,33
1,9689,63,0.23560890345834196,116,9037,28,63,37,39
1,9754,65,0.24770306318532676,116,9102,38,65,42,31
1,9813,59,0.4484260503668338,116,9161,28,59,42,30
1,9869,56,0.506599752814509,116,9217,26,56,31,37
1,9933,64,0.537936658016406,116,9281,32,64,50,40
1,9994,61,0.3082513071130961,116,9342,34,61,35,41
1,10058,64,0.3844100800342858,116,9406,29,64,36,36
1,10115,57,0.4254877249477431,116,9463,28,57,42,37
1,10178,63,0.265526844188571,116,9526,26,63,41,49
1,10241,63,0.44692580099217594,116,9589,31,63,36,50
1,10305,64,0.27587113983463496,116,9653,23,64,39,41
1,10358,53,0.026582062244415283,116,9706,26,53,42,45
1,10416,58,0.22564543050248176,116,9764,30,58,40,48
1,10483,67,0.21153387054800987,116,9831,22,67,42,36
1,10551,68,0.2859703009016812,116,9899,18,68,34,43
1,10610,59,0.17775778018403798,116,9958,23,59,26,41
1,10676,66,0.2126424164744094,116,10024,33,66,23,49
1,10753,77,0.0531218817923218,116,10101,30,77,28,33
1,10826,73,0.04294463596306741,116,10174,27,73,26,35
1,10886,60,0.4756615913938731,116,10234,26,60,19,31
1,10955,69,0.5143800559453666,116,10303,26,69,21,37
1,11023,68,0.17666203493718058,116,10371,28,68,25,45
1,11092,69,0.468963592662476,116,10440,28,69,25,47
1,11149,57,0.2545777125051245,116,10497,24,57,25,48
1,11217,68,0.22794700739905238,116,10565,28,68,29,46
1,11282,65,0.2135416700039059,116,10630,16,65,28,58
1,11344,62,0.16172098566312343,116,10692,20,62,28,56
1,11405,61,0.21778960281517357,116,10753,16,61,20,53
1,11459,52,0.28875894693192095,116,10805,21,52,24,54
2,11520,20,0.3633099441649392,116,10825,17,61,20,51
1,11582,62,0.24881736957468092,116,10887,12,62,19,52
1,11639,57,0.4071986364433542,116,10944,30,57,24,57
3,11699,53,0.19857629935722798,116,10997,13,60,22,53
1,11752,53,0.08021661452949047,116,11050,26,53,29,50
1,11821,69,0.1085030980175361,116,11119,26,69,34,58
1,11882,61,0.14544609689619392,116,11180,32,61,23,49
1,11953,71,0.1546517648966983,116,11251,26,71,33,58
1,12017,64,0.1431137981126085,116,11315,27,64,24,51
1,12077,60,0.0552487283712253,116,11375,33,60,25,56
1,12139,59,0.11926277843303978,116,11434,20,59,20,62
1,12197,57,0.05017194617539644,116,11491,26,57,18,58
1,12260,60,0.07013857457786798,116,11551,33,60,21,63
1,12323,63,0.6165646979352459,116,11614,40,63,20,59
1,12379,56,0.16242054721806198,116,11670,44,56,35,55
1,12438,52,0.2231883241329342,116,11722,41,52,32,59
1,12503,53,0.18826656555756927,116,11775,43,53,33,65
1,12565,62,0.10398122889455408,116,11837,47,62,34,58
